version https://git-lfs.github.com/spec/v1
oid sha256:bcc8cebf167be36818ead9553ca70be779b1bc5b0df6e124da4063e514ea9f87
size 606510095
